    phi1         Phi        phi2        area       omega           a           b
  4.2023     136.549     65.0262      115169     177.353     229.463     159.761
 143.857     65.6418      163.71      340160     176.571     438.129     247.133
 134.152      19.742     122.741      263921      77.976     340.735     246.552
 157.307     28.8233     21.6677      145552     109.906     283.132     163.636
  130.55     22.2065     137.791      221239     77.8227     319.649     220.312
 23.4401     155.825     150.475      477085     107.214     538.303     282.111
 5.87125     103.507     42.5205      704932      93.745     581.837     385.652
 51.7334     139.272     46.5992      275793     88.0993     494.668     177.468
 137.972     126.449     120.157      711786     68.0805     648.498     349.374
 48.2602     148.896     43.6566     79280.2     140.532     207.424     121.662
 155.408     36.0014     47.7701      868630     87.5797     817.345     338.282
 146.124     51.8043      68.108      799427     122.153     576.135     441.677
 165.322     78.3248     29.4644      412191     137.994     569.807     230.261
 15.5674     160.015     121.195     93052.6     121.387     226.381     130.839
 13.2796     118.623     22.1946      485291     51.0068     460.256     335.624
 119.336     75.4023     113.233      207836     107.904     318.367     207.799
 178.221     67.7481     120.788      117350     77.9119     212.477     175.801
  19.704     142.312     107.578      308133     95.6955      409.41     239.569
 9.34921     110.371     128.464      663206     84.8535     648.462     325.547
 163.079     71.9676     41.8307      242215     89.6754     453.238     170.108
 162.539     35.3131     92.0454      622531     74.7429     630.336     314.368
 3.23845     133.469     30.9224      177630     74.0012     303.189     186.489
 179.427     39.5469     113.045      277073     62.8219     382.899     230.335
 133.522     153.072     176.047      491317     82.4081     616.767     253.566
 21.2957     101.426     49.0459      589718     97.8406     499.673     375.672
 146.134     75.5085     22.6134      197949     98.7341     255.421     246.687
 163.871     72.9226     41.8779      523301      37.762      469.64      354.68
 125.771     154.129     125.748      774985     171.909     525.863     469.106
 160.542     165.345     41.0449 1.10882e+06     100.238     628.516     561.559
   145.7     72.3649     44.1245 1.05532e+06     106.937     712.843     471.239
 137.061     65.5394     137.533      812419     53.2807      548.07     471.839
 12.3225      97.122     135.553      697901     101.049     688.392     322.707
 100.122     96.3445     108.193      183181     55.7565     276.515     210.868
  43.642     90.7756     94.9946      144848     93.3113     271.867     169.592
 180.805      173.97     26.6532 1.55473e+06     91.4787     1141.71     433.459
 128.414     62.5569     125.994      150697     128.657     243.963     196.621
 171.276     80.3397     113.862 1.46075e+06     69.3082     1209.73     384.359
 107.035     144.544     172.377      210166     80.0086     343.599     194.697
 156.781     134.926     65.6563      735723     62.8914      705.52     331.937
 90.2195     132.727     128.817      499867     24.3458     448.981     354.386
 159.454     21.5432     40.0004      455791     110.576      432.13     335.738
 96.2425     58.5355     78.0261       85355     96.5664     254.643     106.696
 82.1966     62.9975      134.54      240781     113.099     364.115     210.492
 143.077     22.5219     120.483      208822     136.731     340.635     195.136
 63.0238     166.433     70.9667 1.06174e+06      168.42     665.738     507.652
 55.2554     117.921       150.6      545340     82.2396     517.959     335.137
 20.3674     107.411     147.526 1.48827e+06     108.216     1036.55     457.027
 82.5965      148.31     86.2215      183082     66.1593     304.221     191.561
 81.0767     151.346     84.0955      296166     44.8308     377.975     249.415
 56.2538     114.593     84.2663      622305     31.1753     524.399     377.739
  174.11     57.2195     98.9799      228168     52.8898     385.402     188.447
 165.239     34.3068     149.068      865928     93.2027     743.165     370.891
 176.172     110.034     6.36241      231255     142.592     290.268     253.596
 3.78183     118.272     106.009      227217     78.7601     431.312     167.687
 10.2971     96.4589     135.435      220376     84.0853     298.714     234.832
 61.2228     110.764     117.382      279639     100.525     609.774     145.975
 91.5272     138.753     59.6241 2.48729e+06     63.4359     1092.85     724.465
 160.795     64.8319     139.946 1.39665e+06     115.033     876.131      507.42
  176.39     110.146     6.37043      166296      86.962      309.21     171.191
 174.375     82.0566     114.105      465418     130.247     534.524     277.157
 15.5375     145.105     115.119 1.57449e+06     87.0279     924.521     542.093
 159.952     42.9195     146.327      534923     154.153     537.278     316.914
 153.508     27.9615     143.794      727573     102.182     610.662      379.25
 78.0712     65.6669     161.653      197899     152.531     290.029     217.196
 23.9393     118.894     119.333      197482     110.357     348.097     180.584
 68.2149     63.1417     26.6137      640523     111.968     585.768     348.064
 54.3992     139.734     61.8101      360012     47.8296     387.614     295.643
 72.4164     127.841       57.59 1.65585e+06     84.1966     884.037     596.213
  146.39     38.9819     24.5786 1.27826e+06      83.859     682.016     596.588
 120.149     30.3134     157.295      999552     165.086     746.131     426.423
 74.4786     78.5692     77.2751      551195     149.739     515.488     340.359
 10.3649     82.4992     161.194     83147.2     127.143     292.856      90.374
 15.9528     110.385     130.297      355693     49.4296      383.62     295.137
 22.3505         115     135.872      357818     83.2967     468.296     243.216
 36.6415     102.088     34.2296      231467     169.823     311.193      236.76
 149.487       106.4     129.639 1.17104e+06     65.7553     883.253     422.023
 59.7454     17.4307     83.4305      894870     109.974     600.562     474.299
 16.8935     100.662     33.2769      136884     80.9015     362.295     120.266
 168.402     89.4001     145.515      125550     105.194     274.613     145.528
 133.456     145.553      95.773      187758     49.2529     254.137     235.169
 123.344      133.39     68.4426      637489     88.6437     600.157      338.11
 9.32852     43.8101      26.605 1.01856e+06     69.2557     641.713     505.237
 156.577     66.6649      122.64      145156     95.3975     252.253     183.168
 175.147      58.679     41.1974      541507     18.8605     466.296     369.652
 162.781     130.495     128.944 1.34607e+06     112.855     808.789     529.764
 3.41281     101.654     83.3096      402072     139.184     461.337     277.419
 42.7036     148.806     113.678      392348     109.075     435.279     286.915
 178.481     55.9841     64.7798      903602     103.137     630.749     456.006
 158.573     78.9634     79.5168      830223      52.251     549.681     480.766
 32.7892     76.8484     32.4777      590562     74.4287     519.652     361.745
 18.8023     117.811     17.3279      225441     104.816      430.35     166.748
 96.5349     138.437     144.629      749176     98.3105     766.546     311.097
 81.1776     81.9661     162.722 3.13102e+06     175.934     1102.63     903.871
 4.23041     20.1871      140.91      689183     141.869     520.869     421.169
   3.774     79.9965     111.451      300849     68.4452     350.884      272.92
 14.5128     86.4846     46.4762      279095     101.071     442.986     200.545
 56.4594     33.4828      82.867      305335     138.113      421.76     230.442
 23.9864     108.432     129.305      278792     88.5654     348.482     254.653
 167.015     116.382     159.376      456291     90.6065     591.787     245.429
 138.548     131.485     112.264      312354     162.438     392.924      253.04
   47.96     127.032     155.516      323476     92.4546     433.473     237.536
 11.3612     93.2317     44.3009      249558     168.698     494.305     160.704
 152.969     66.1804     57.0389      421260     68.9722     386.493     346.943
 55.6939     86.2341     126.536      267102     86.6926     411.621     206.552
 12.0683      120.04     54.6256      815531     134.319     541.506     479.388
 48.7075     110.974     44.1717      126927     60.4258     278.268     145.191
 5.52237     92.5863     107.434      267325     88.0094     454.837     187.083
 13.8666      26.557     19.6682 2.86927e+06     66.8425     1042.15     876.383
  134.05       86.37     101.665 1.12151e+06     115.507     923.871     386.403
 172.941     134.055     46.1218       87611     73.4885      207.39     134.469
0.735972     135.497     34.5168      626692     115.471     468.088     426.164
 140.463     36.3049     25.9952      199313     75.8728     355.005     178.711
 11.4111     92.4246     43.9845 1.20618e+06     51.4245     695.123     552.334
 172.385     67.4977     14.9314      764159     102.143     679.671     357.878
 110.591     162.063     28.7386 1.34684e+06     36.6769     1044.49      410.45
 175.971     54.5631     22.2879     94451.3     1.91688     193.622     155.276
 107.707     168.687     166.628 2.84413e+06     102.899     1564.98     578.483
 155.295     95.6149     65.1221      130588     72.5788     253.311     164.097
  43.988     120.384     103.507      643000     82.3199     568.269     360.169
 171.558     99.9055        19.7      768619     103.307     631.634     387.343
  145.03     8.30023     142.633      655407     64.4493     508.396     410.355
 174.526     92.4219     90.6289 1.01884e+06     87.4251     1022.47     317.182
  16.198     122.281     147.591      411491      58.546     404.104     324.129
 30.2906     151.794      162.13      382735     96.9574     499.939     243.686
 17.4329     121.829     154.975      156227     94.6177     303.356     163.928
 139.149      150.59     153.147      230624     35.6227     372.006     197.335
 41.7012     165.728     87.0519 1.00116e+06     52.3245     617.422     516.144
 109.312     45.9337     104.657 1.33298e+06     76.7942     825.557     513.958
 2.98702     71.4812     154.946      340516     100.601     366.297     295.906
 147.068     30.9617      56.778      720892      86.698     856.548     267.898
 11.6372     119.855     123.752      378583      44.385     370.304     325.426
 9.16184     151.933      35.823      799736      95.201     547.928     464.594
 82.6858      16.499     108.125      686976     75.9717     690.112     316.863
 6.14955       116.2     74.9113      177636      179.45      287.01     197.008
 141.373     147.107     18.0256      640425     113.945     592.155     344.257
 171.422     63.2472     66.9826      574144     29.1095     564.864     323.539
 8.36388     27.6384     77.7312      369476     117.408     405.645     289.928
 82.3545     145.084     84.5687      621016     43.6088     586.516     337.034
 61.8392     105.302     80.7562      846032     98.6956     690.121     390.222
 177.112     63.5904      95.343      236160     75.5179     474.137     158.545
 170.103     52.9963     132.748      763786     72.8262     765.134     317.749
 133.254     4.33776     187.875      716849     93.6376     761.432     299.672
 171.886     46.2949     126.184   1.229e+06     99.4743     826.406     473.378
 108.132     33.1302     89.4559      574564     110.094     625.486     292.396
 4.17865     122.679     138.645      903280     86.0136     852.341     337.333
 152.417     20.8985     161.889      635402     94.8007     765.589     264.182
 149.498     114.329     24.7812      210659     105.561     316.318     211.986
 106.398     29.0233     52.4433 1.71393e+06     97.5456     873.442     624.609
 161.463      47.501     67.5237     72823.3     116.549     227.621     101.838
 13.2317     84.9656     76.9275      404313     172.701     426.195     301.967
 38.2056     77.7921      142.75      744093     72.7345      608.72     389.099
 7.71382     119.178     113.139      117892      38.435     207.273     181.047
 35.3785     132.375     107.656      688117     119.811     623.639      351.22
  84.474     95.6821     133.275      374637     119.635     450.252     264.853
 167.312     162.205     87.6704      533514     162.553     509.958     333.013
 80.7934     13.8457     80.6562      606458     114.164     613.306     314.756
 64.8763     76.4208     115.283 1.11257e+06      91.958       724.2     489.011
   73.68     109.073     58.5527      443788     45.8846     404.031     349.632
