    phi1         Phi        phi2        area       omega           a           b
   140.1     48.1686     157.855       85356     177.047     263.951     102.935
 156.296     117.102     92.3821      178238    0.244368     364.628     155.596
 25.2664     60.9875     60.0156     76745.2     100.294     169.707     143.947
 9.66625     26.8494     99.1862      252880     173.134      403.67     199.406
 16.4538     95.9313     71.8478      143074     29.5424     224.328     203.014
 21.1231      69.133     86.2399      360752     171.805     443.298     259.038
  157.44     19.7907     136.046     82479.3     87.7081     226.339     115.994
 16.4466     51.1521     55.2323      263990     157.031      340.24     246.974
 4.84824     149.083       83.19      390074      130.94     380.044      326.71
 12.4772     69.6449       66.29      538523     175.889     548.027      312.79
 149.448      31.252     138.696     84811.1     115.231     189.315     142.599
 14.3924     82.7681     61.5797      743337     163.467     625.572     378.232
  96.515     36.6291     1.64183      154403     88.6002     290.871     168.968
 42.5513     91.5887      58.517      819136       172.6     790.911      329.67
 67.0634     95.7113     52.3223      226636     105.472     411.569     175.282
 19.0603     96.8453     71.7686      372607     100.708     413.145     287.077
 179.585      135.33     89.7968      468648     84.8292     470.835     316.832
 16.5991     61.0151     66.0823      216765     25.2282     301.784     228.636
 7.61621     83.9651     36.9672      152317     74.5861      357.86     135.483
 64.6521     102.724     42.9547 1.76591e+06     172.655     1017.13     552.638
 25.2216     101.991     69.2289 1.47632e+06      150.12     796.956     589.652
  11.812     121.951     62.6196 1.37966e+06     158.278     696.827     630.229
  122.59     17.3765     155.064 2.10314e+06     3.71205     971.711     688.938
 19.3294     83.2481     76.3154      743611     90.6235     620.905     381.216
 76.1361     92.4447     62.7378      194944     131.399      307.99     201.476
 35.9352     105.719     69.2217      750630     178.037     801.891     297.962
 16.4462     69.3091     74.0129      158214     151.154     293.496      171.59
 53.4248     115.136     35.2865 1.13751e+06     4.88097     849.588     426.186
 66.7259     105.579      80.663      170624     64.9046     302.444     179.575
 84.5844     106.823      98.745 4.73977e+06     179.459     1634.63     922.972
 151.698     157.494     55.4782      830605     96.3089      816.36     323.864
 177.627     49.6193     99.4342      816180     80.1069     694.346     374.162
 35.1202     28.0259      63.671      267665     79.6649     493.704     172.574
 167.199      88.685     80.4814 1.93461e+06     88.6401      966.08     637.427
 14.7171     78.1309     69.5979 3.94425e+06     175.469     1439.96     871.893
 60.0046     105.473     31.5843      335509     65.3053     370.019     288.623
 16.5881     144.678     93.3463 1.02592e+06     94.0135     909.702     358.975
 78.7733     97.3375     52.1661      771755     96.3036     718.392     341.954
 166.624      21.146     113.674 1.78484e+06     101.127     1067.68     532.118
 67.4833     104.867     28.6082     85480.5     59.4244     180.602     150.659
 4.92228     123.071     64.8361      372939     70.0776     396.303     299.544
 174.796     73.6105     98.1221      647207     79.8559     515.376     399.732
 90.3095     90.1193     70.6635      231310     124.679     356.936     206.278
 2.47248     95.4382      83.842     75288.4     66.7883     183.714     130.448
 99.5387     102.056     3.63489      181785     5.78926     314.857     183.778
 170.036     142.112     73.3173      196111     102.224     287.939     216.797
 29.4078     110.794     85.3754 1.03514e+06     118.326     836.764     393.773
 7.46548     125.688     86.6484      240054     68.0041     302.832     252.323
 70.2448     168.705     159.935 3.07955e+06     82.8499     1255.53     780.749
 84.1335       137.5     112.833 6.65071e+06     160.452     1710.42      1237.7
 118.191     89.0943     33.1948 4.46687e+06      9.3404     1642.52     865.651
 3.43319     39.6642      69.452      178330     142.658     417.019     136.119
 178.505     75.4073     112.205      365166     175.402     487.098     238.629
 174.841     54.0631     108.543      271382     79.9119     443.881      194.61
 95.7829     42.2985     5.47559 1.27382e+06     112.458     770.597     526.175
 166.424     102.861     76.1823      609281     106.132     500.598     387.417
 160.295     156.617     78.7748 3.94635e+06     90.3105     1468.45     855.433
  146.21     57.5548     115.766 2.10404e+06     66.7532     995.314     672.889
 110.479     22.4916     165.371      599785     114.733     635.193     300.566
 155.054      33.231     131.457 3.99048e+06     110.117      1649.8     769.916
 169.213     103.219     79.2382     83077.9     64.3563     188.977     139.935
 171.113     85.7475     127.652 1.05053e+06     88.5142     1039.77     321.605
 177.748     106.096     103.084 1.68874e+06     91.6696     890.667     603.527
 1.71384     132.998     77.4858      274810     50.4516     307.972     284.035
 30.9387     87.6736      87.242      492785     5.71579     446.772     351.093
 18.9679     75.2616     83.3264 1.63602e+06     100.324     1199.03     434.318
 152.099     9.32037      110.78      605337     94.5606     644.075     299.165
 59.3691     30.8072     35.1861      366443     58.3664     397.845     293.186
 24.8754     95.0779     82.3442 3.87419e+06     138.106     1417.49     869.986
 14.1756     101.185     65.7768      104626     78.7388     223.619      148.93
 13.0215      89.818     83.7314 2.01547e+06     113.723     1249.93     513.263
 28.0572        50.4     65.0082      400853     35.1741     406.827     313.636
 26.7917     57.7818     72.1686 3.41683e+06     122.714     1637.79     664.073
 15.5191     65.3185     87.5335 1.48617e+06     110.597     1122.18     421.558
 28.5504     36.2702      66.703  1.3501e+06     97.0711     1150.64     373.487
 132.622     25.5033     150.705 5.70546e+06     102.001      1704.7     1065.35
 153.226     120.421     85.2364      820872     131.626     598.958     436.244
 178.847     166.859     84.5339      699355     106.635     607.438     366.477
 8.59155     134.593     83.9356      201489     168.191     342.069     187.494
 22.6739     103.022     82.9956      281671     149.001     316.998     282.836
 49.1598     115.679     68.2387 1.53726e+06     21.1897     815.429     600.082
 33.8764     42.8906     70.4472      250869     135.069      325.84     245.072
 45.7821     80.9363     58.5885      369078     134.777     467.059     251.534
 161.763     131.457     87.2514      100651     134.235     250.023     128.142
 20.6979     107.127     85.0582 1.22288e+06      114.53     1031.16     377.491
 172.173     92.0897     66.1275      655378     95.5767     586.047     355.967
 13.5817     53.3072      79.862 5.06272e+06     107.407     1579.76      1020.1
  5.9382     89.7309     86.3539 1.21715e+06     112.834     667.247     580.642
 19.4541     33.3439     78.8967      172430     113.501     326.433     168.139
 66.1076     24.6382     42.0157 1.41921e+06     95.3656     948.877     476.088
 109.812      11.164      166.08 2.63022e+06     103.384     1274.48     656.917
 88.6155     33.5396     15.4691      919985     100.683     633.387      462.34
  2.7486     117.903     76.3932      243730     99.9331     332.591     233.265
 113.065     178.918     26.4561     90855.5     83.3351     190.306     151.967
 58.5888     30.8665     36.0506      322463     66.3781     371.851     276.033
 150.934     125.159     47.8791      282004      107.18     313.197     286.608
 24.8296     105.659     90.3127 1.22106e+06     134.993     840.389     462.495
 51.9168     34.3928     50.9992      111057     93.7617     207.254     170.566
 10.7892     121.109     72.8165 1.49623e+06     119.874     1271.05     374.701
 9.24952     89.5442     84.0182 1.54962e+06     62.0498     942.821     523.173
  12.434     77.5148     93.7094 1.08485e+06      98.268     821.598     420.303
 151.612     46.0626     134.979      131767     134.474     301.128     139.285
  40.223     35.2981     38.1589      267757     140.035     366.174     232.758
 2.22135     68.6956     104.584 1.95229e+06     107.927     1114.08     557.797
 91.4307     80.8382     44.3612 2.83138e+06     14.9922     1148.46     784.751
 102.995     78.9076     12.8638 2.25875e+06     156.143     1042.85     689.438
 118.296     69.4953     26.4262      819924      8.8441     609.912     427.914
 168.568     51.1159     117.112 1.14986e+06     91.9527     732.704     499.536
 27.3803     112.071     57.3785  3.8628e+06     136.708     1674.51     734.284
 3.23271     34.3429     70.7083 1.00263e+06     101.488     688.368     463.628
 21.4146      67.568     80.5012      174596     55.7844     256.574     216.607
 156.973     84.1746     85.0993     91969.7     102.855     195.819       149.5
  99.666     77.3351     10.0552 2.15865e+06     61.4984       967.4     710.273
 173.805     51.6782      111.04 3.21388e+06     99.7435     1526.58     670.134
 8.42938     95.2792      90.927      351412     93.0395     503.586     222.123
 81.7052     72.0612     47.4226      135686     145.046     282.602      152.83
 171.563     111.705     87.2799      487669     93.2371     494.726      313.77
 21.1619     69.9956     70.7439 4.42103e+06     105.002     1735.75     810.748
 35.8207     80.4402     67.9306      827216     2.23741     576.241     456.946
 22.1539     41.1786     63.6776 2.12408e+06     101.886     1145.14      590.42
0.430478     52.1461     81.6691  2.1561e+06     92.0534     1172.65     585.262
 28.4563     15.3212     74.4199      240632     33.9265     332.416     230.421
 162.731     131.579     91.2047     84481.8     58.2814     186.092     144.506
 21.2218     92.9741     82.7189      184976     44.8348     269.473     218.499
 14.4289     33.5587     79.3705 1.06951e+06     100.083     960.026     354.612
 160.737     95.7876     75.9664  1.6581e+06     73.6278     836.562     630.902
 89.5382     82.1614     12.0124      536874     80.0955     450.397     379.426
  35.168     134.378      81.116     85748.6     51.8913     221.169     123.411
0.680725     32.2964     97.2717      955064     137.684      594.89     511.029
 34.3389     174.894     100.479 2.97158e+06     110.885     1701.81      555.81
 25.2221     126.987     122.078      187705     102.966     267.102     223.692
 35.5461     132.928     77.0873      277413     139.678     343.053     257.405
 23.6973     53.2583     58.8795      314795     68.8424     331.794     302.001
 129.387     17.7888     148.972 2.35285e+06     91.5401      1138.6      657.77
  19.512     93.5865      80.613 2.54756e+06     107.818     1131.38     716.748
 33.9902     96.7793     75.4636  5.6104e+06     121.561     1924.61     927.901
 8.98471     124.912     81.0777 8.37496e+06     106.589     2285.98     1166.16
 37.4421     33.6505     63.8614      157288     104.455     357.407     140.082
 166.935     40.1724     102.957      195187     72.7193     323.507     192.051
 21.6587     98.6069     92.9669     67146.2     93.7539     247.217     86.4556
 27.8642     18.2171     71.6243  1.7626e+06     74.7209     901.098     622.633
 132.614     69.8395     9.62339      138753     71.0559     270.342     163.372
 48.7871     32.8585      41.929 2.69721e+06     107.227     1033.49     830.731
 119.426     140.734     62.0808 1.24782e+06      83.722     663.055     599.037
 9.26946     107.634     68.6783      454149     105.238     486.136     297.365
 15.0999     98.3214     63.4888      503442     119.381     495.984     323.097
 35.3194     101.209     93.0047 2.08557e+06     114.242      1105.4      600.56
 21.4491     40.2705      78.197      179776     126.779     426.424     134.196
 69.8757     169.942     151.065      122744     134.633     338.831      115.31
 112.425     29.0193     158.127      100400     115.466      228.31     139.979
 16.3344     81.7245     91.7876 2.14225e+06     115.437     1291.83     527.855
 109.784     121.355     35.5895     62785.5     120.541     160.156     124.786
 8.63769     121.793     92.3337 1.50984e+06     132.155     749.461     641.257
 140.948     118.133     69.9345     85571.2     155.253     186.245     146.249
 176.753     50.7619     95.3018      614982     79.9798     481.018      406.96
  22.634       72.35     80.6367 1.04122e+06     110.226     758.995     436.672
 110.162     121.936     35.3845 1.78244e+06     14.8725      791.09       717.2
 152.337     159.959     45.1159      199931      101.85         372     171.075
  82.707     83.1467     53.7163      132455     96.1713     266.145     158.417
 35.4838     80.3696     60.1868      703584     140.674     638.424     350.798
 29.5954     65.2308     73.1288     69036.5     25.8713     160.093     137.264
 3.14545     73.0715     99.1243      119330     80.7335     294.815      128.84
 21.6847     75.6451     67.6078      142911     112.828     416.306      109.27
 33.3172     23.2146     76.0173      320310     122.462     443.155     230.073
 12.8201     82.0706     80.1142 1.24176e+06     92.1308     943.687     418.851
 36.9634     81.7117     82.4553      133513      115.35     265.133     160.291
 79.3944     21.2974     23.4476      885472     104.465      680.52     414.175
 135.635     75.7377     179.366      438531      120.28     514.542     271.287
  19.394     99.3735     78.8715 1.47976e+06     124.516     923.329     510.133
 5.97525     97.9626     102.009      331194     163.144     340.242     309.845
 78.4892     17.1017     208.072 1.41883e+06     83.0888     857.002     526.987
 56.8407     99.4965     80.9087      232442     85.9899     321.914      229.84
 21.8058      73.733     65.0762      230783     17.9884     380.907     192.857
 171.123     29.0702     83.6178      422741     89.0179     436.352     308.381
 33.4483     81.2897     77.7627      189599     137.649      259.69     232.397
 37.2114     96.7013     74.5861      666180     145.729     497.582     426.165
 124.801     131.404     17.6491  4.6558e+06     112.414     1842.21     804.462
 119.996     37.0421     4.10176 6.67038e+06     136.119     2227.61     953.152
 7.88809     76.8951     68.0891 1.86896e+06     122.658     1080.94     550.362
 115.988     72.2387     21.3032 4.66764e+06     106.753     1414.11     1050.67
 21.5324     136.669     82.6468      296849     126.617     326.808      289.13
 12.7142     99.3269     70.5158 6.39436e+06     111.968     2345.59     867.753
 89.8883     102.241     49.3728     83838.8     144.683     192.937     138.319
 22.6918     63.1753     69.1848 4.98577e+06     152.426        1655     958.927
 27.9339     62.1352     55.4068      188401     165.389     491.191      122.09
 170.638     75.5557     101.081      831010     92.5985      725.85     364.426
 2.35458      86.573     64.9152 2.27363e+06     129.059     980.636     738.008
 26.8988     69.1469     100.365      323959       110.8     463.856     222.309
 25.3023     62.4794      69.689      781163      80.901     729.639     340.788
 24.6444     133.004     83.9419      219282     165.414     277.272     251.737
 47.4643     32.0397     53.3419 1.43327e+06     70.5502     936.262     487.284
 12.2404     85.8248     85.2422      649489     123.032     544.755     379.508
 174.255     61.2727     128.948 1.22073e+06     57.3707     691.942     561.565
 12.8686     151.482     100.475      289438     148.881     408.967     225.277
 137.814     22.8854     151.685      679394     91.9158     590.706     366.101
 78.2329     86.3518     48.6057 1.46451e+06     159.063     827.413     563.404
 47.4171     14.5366     57.3311      719081     122.724     673.484     339.861
 146.137     97.3538     169.952     77751.6     114.084     202.933     121.957
 178.608     134.217     99.9514 6.38838e+06     80.1876     1840.04     1105.13
 17.1516     88.0158     100.092     82245.3     23.7952     186.575     140.316
 139.723     120.792     76.7043      186962     110.457     329.938     180.373
 15.9915     66.6368     93.6929      168557     120.025     266.867     201.049
 73.6889     20.9816     179.482      404966      81.197     551.472     233.746
 26.5235     119.356     71.0276 8.29958e+06     114.941     2761.44     956.689
 6.60411     41.3956     71.9029 1.05606e+06     81.1994     1002.22     335.409
 51.5937     93.0593     89.6181      910350     147.462     638.955     453.512
 10.6585     97.8357     95.8576      353791     128.267     349.377     322.331
 149.527     122.929     74.6256      433223     127.273     776.517     177.587
 135.143     136.995     74.8907      180615     101.063     341.488     168.356
 12.5615     52.9591     76.8318 1.42906e+06     104.287     807.751     563.149
 78.7057     135.845     147.952 1.42027e+06      137.42     966.845     467.589
 14.1661     72.7512     80.9543      161708      87.098     282.883      181.96
 178.851     152.778     98.9681 5.72472e+06     105.814     1740.71     1046.83
 31.8898        47.6      57.142      267213      54.194     317.331     268.037
 8.64642     73.5631     88.6925      585723     102.089     639.172     291.692
 149.597     39.6178     138.162      379255      50.127     495.774     243.499
 5.76833      66.641     85.9254      215321     98.4712     365.833      187.35
 172.917     96.7857     89.9006      481681     63.4171      459.09     333.973
 151.314     118.215     75.1974      344571     80.2433     406.557     269.779
 93.5688     127.035     24.9823      524082     116.598      704.05     236.944
 86.8739     29.0298     4.65495      473632     111.211     488.731     308.475
 167.194     135.255     100.786  8.2187e+06     79.5197     1990.43     1314.34
 179.382     72.6934     104.643      539881     103.792     523.092     328.526
 33.5875      138.57     85.8504 3.51564e+06      130.72     1778.88     629.083
 147.211     126.824     87.7906 2.28329e+06     118.861     922.599     787.769
 165.624     14.3275      114.81      589249     130.048     616.612     304.184
 3.24371     108.768     78.0789      449017     52.6073     455.276     313.934
  169.83     23.0969     121.551      447313     92.5818      580.55     245.257
 120.046     125.266     51.8573 1.41408e+06      103.09     821.293     548.056
 6.31751     63.0509     51.7048      738911     94.6269     569.275     413.162
 29.6679     80.1451     65.0629 2.96588e+06     124.257     1143.64     825.494
 16.1086     156.678     85.3393      422441     93.4183     482.684     278.582
 23.5805     54.8035     68.0599 1.75151e+06     125.647     1093.27      509.96
 4.95362     126.177     74.9325      431616     107.485      658.01     208.792
  2.5466     46.4988     96.3248      176895     102.512     351.066     160.389
 43.6186     92.0599     69.7721      112842     107.655     306.189     117.309
 21.6675     69.5254     84.1203      242109      141.91     333.268     231.243
 143.907     175.745     47.3455     80535.9     93.5546     209.143     122.574
 55.2461     21.1954     46.8303 3.68812e+06     115.532     1521.85     771.405
 4.96772     139.827     85.6305 1.10638e+06     103.643     969.138     363.386
  3.1037     67.0928     96.4705      307510     111.955     384.447     254.608
 162.792      98.985     77.3078      165540     129.156     244.541     215.477
 27.4796     135.984      104.96      469604     88.7242     513.954     290.842
 3.79507     24.7902     76.4863      274856     179.326     368.799     237.228
 57.4253     88.5142     56.7006      249562     150.706     355.129     223.688
 169.897     40.9014     97.6753 3.11776e+06     90.6211     1356.13     731.799
 17.7271     85.6193     77.9931 2.52338e+06     121.124     1223.85     656.306
 13.9126     68.2418     84.0279     67618.9     40.4587     194.706     110.545
  153.68     130.421      92.003      116195     127.414     217.947     169.703
 156.173     37.6371     115.227      311644     104.964     430.366       230.5
 6.54781     113.499     77.8331      309342     103.264     515.786     190.906
  179.35     133.709     88.1647      277016     77.8079     342.446     257.492
  171.72     59.0627     122.298     95724.6     82.4613     216.024      141.05
 37.0209     63.5996     69.1159      277861     151.958     461.949     191.463
  88.021     37.7521     19.8989      189884     116.726     348.555     173.407
  3.0151     121.432     85.1085      296028     61.8199     408.168     230.858
 173.926      87.107     102.053      430084      59.478     550.431     248.714
 84.6198     10.1294     12.7729 1.07208e+06     77.0556     801.341     425.853
 22.2617     70.8878     84.4828      333946     158.273     412.313      257.81
 151.843      113.92     46.0898      666903     1.07945     634.424     334.606
 17.2028      129.68     90.2535 1.51595e+06     125.866     746.499     646.405
 177.354     18.6263     89.3269     97378.5     88.8787     280.746     110.408
 67.2367     8.19004     37.7278 1.29349e+06     133.231     674.554     610.375
  3.2909     100.797     79.0538      493686     176.172     423.228     371.301
 24.5502     32.2958     67.4069 2.79877e+06     98.4803     1249.39     713.049
 19.0996     85.5886     78.0864      521054     179.932     1328.73     124.824
 14.9175     39.1395      94.427      154151     101.845     285.542      171.84
0.987323     71.2795     83.9545      147404     150.738     242.827     193.225
   26.22     31.7671     67.3748      113980     4.97688     317.018     114.444
 12.1882     94.5965     76.7979      844015     111.875     772.687     347.694
 28.2497     68.8366     71.2182 2.92085e+06     116.822     1238.02     750.989
 6.49724     63.0014     78.0143      230707      85.901     464.366     158.143
 76.8408      4.2494     181.763 1.70826e+06     80.2873     1140.76     476.664
 14.1184     124.574     69.4915      210988     137.465     309.466     217.018
 122.476     23.5775      150.73 1.69841e+06      100.24     926.367     583.594
 175.933     36.5917     106.508      811930     84.8268     786.436     328.629
 88.6852     5.50234     5.29416      283353     78.5828     488.826     184.512
 158.649     137.008     91.6435 3.94554e+06     132.452     1438.57     873.022
  50.617     84.6477      57.879      186457     148.142     275.522     215.413
 4.18746     44.8774     76.4934 3.82285e+06     102.247      1563.5     778.289
 40.4214     95.3793     75.9601 6.79463e+06     133.632     2226.15     971.544
 105.277     18.9434     4.85617      413780     80.4737     484.924      271.61
 35.8327     87.3551      55.647      750400     98.7478     732.556     326.063
 165.038     31.2716     131.405      198802     129.465     286.886     220.578
 21.8788     57.9549     74.6275      399154     78.1677     409.466     310.293
 12.4081     126.667     76.5465      573280      114.48     666.395     273.833
 36.4958     78.8461     57.7412      943587      161.08     639.025     470.018
 45.2861     83.3555     69.4585     66131.2     70.2286     185.982     113.184
 23.0915      130.92     118.637     58559.7     89.6389      147.22     126.614
 166.614     103.138      85.857 1.07342e+06     133.005      801.08     426.524
 23.0942      48.192     71.6489 3.05386e+06     101.187     1746.34     556.635
 62.4396     154.304     171.248 2.22706e+06     86.4538     1041.42     680.703
 29.5614     67.8922     80.4381 2.32264e+06     67.2702     944.085     783.106
 45.3638     82.7903     69.9032      532088     117.542      718.38     235.765
  157.16     9.50305      117.58      102246     101.285     203.698     159.775
 10.4496     64.4706     91.0562      187594     130.305     280.066     213.211
 46.7394     9.71636     41.7819 4.44559e+06     101.623      1778.1     795.836
 29.3906     103.047     66.1368      222840     71.2819     306.185     231.664
 126.533     104.974     98.3847      931161     85.4752     610.841     485.229
 3.30611     100.682     78.4686 1.26637e+06     92.9096     792.093     508.904
 179.813     32.1437     70.1747      723989     96.3839     580.754     396.817
 164.322     39.9701     94.0477      161684     107.417     436.169     117.995
 4.66144     136.596     82.4242  2.3602e+06     96.7316     1184.14     634.449
 19.2097     110.636      85.078      362918     123.741     379.473     304.423
 20.1574     71.3022     73.1056      363944     123.168     469.094     246.959
 181.453     67.3284     98.2038 1.49567e+06     110.147     1309.08      363.68
 8.77614      60.808     71.8705      354515     121.347     500.729     225.362
 177.229     147.653     87.7821      274121     107.579     359.332     242.827
 133.385     126.194     58.8938      173679     118.738     238.419     231.876
 14.8285      129.22     146.693 2.38778e+06     114.159     945.676     803.714
 12.3338     35.0795     80.6451 7.86811e+06      99.164     3029.02     826.835
 17.7185     89.5987     80.4677      777778     134.828     503.616     491.594
 20.1963     82.4658     87.1874 2.11739e+06     93.7037     1015.66      663.59
  176.24     96.8402     117.729      212672     65.1775     325.754     207.812
 9.57844     60.4704     91.7753 1.14836e+06     91.9514     804.553     454.333
 173.369     126.254     100.142      640067     146.518     514.277     396.166
 163.156     72.9054      67.319      441765     165.377     469.454     299.536
 16.0919     63.8732     65.0476      177108     112.374     271.982     207.276
 26.6045      79.315     86.2437 1.17501e+06     146.649     894.154     418.291
 155.102     115.192     54.0614      260174     95.3669     346.343     239.116
 19.6149     64.2029     80.9318      554535     103.799     511.882     344.833
  176.03     121.141     92.9374 1.09172e+06     27.1028     786.967     441.576
 13.3146     86.7084     92.3734 3.18546e+06     108.596     1242.11     816.321
 3.75581     111.485       78.96      451559     111.213     526.117     273.201
  7.2974     103.698     66.4595      306009     78.1206     394.272     247.052
 160.372     142.303     91.3587      740845     98.5852     595.062     396.292
 129.318     70.2519     49.4827      129864     64.7169      290.14     142.473
 97.5425     28.4964     13.6506      498020     125.045     497.471     318.661
 34.0451     50.3672     77.2952     81980.5     6.61691     162.528     160.558
 1.19921     118.517     70.7272 6.46971e+06     68.5127     1856.28     1109.41
 127.245      85.794     88.2495      535541     72.2283     492.731     345.966
 14.8349     43.4137     86.1619      526586     108.826     518.381     323.348
 17.8387     104.764     86.8436      151192      176.18     408.313     117.865
 6.22525     154.864     116.613      174928     7.91253     269.788     206.389
  11.153     23.5582     73.6598      376950     85.1666     429.412     279.421
 47.1548     46.2881     83.4629      558017     68.9937     462.812     383.789
 26.7917      66.311     52.6605      214129     95.5434      466.72     146.039
 9.47476      61.023     69.6037      193111     119.839     305.536     201.184
 177.265     85.6228       87.83      420220     113.041     496.137     269.604
 42.7152     16.5406     52.8319      816019     117.352      757.64     342.837
 166.714     26.9913      120.79 1.22205e+06     109.563     991.211     392.439
 32.9341      70.252     87.2701      428965     31.6559     462.926     294.958
  174.09     105.556     105.909      120393     65.5316     234.648     163.318
 3.46663     175.171     101.771 1.60506e+06     60.9027     917.854     556.631
 145.453     152.254     75.0839      936129     76.1613     699.922     425.732
 134.797     136.724     65.8084      370063     57.9502     421.355     279.562
 15.1261      49.591     95.1083 2.21408e+06     55.6515     1101.05     640.081
 38.9041     51.9858     54.2061  2.7318e+06      90.519     1350.92     643.681
 177.212     76.5418     115.863      339034     117.121      432.34     249.614
 29.5344     22.0688     60.1454 2.07393e+06      112.49     1010.66     653.191
 176.967     119.438       90.92      914962     110.559     662.448     439.644
 154.443     6.58029     119.708 1.55988e+06     105.962     1061.13     467.924
 13.4661     99.9335     63.8401      370156     131.899     448.866     262.494
 73.9034      149.31     178.038 1.50215e+06     57.3435     906.337     527.564
 17.3329     103.227     97.2472      198877     130.464     291.547     217.134
 8.16745     74.8033     81.0333 1.65159e+06     110.177     809.982      649.05
 17.6503     90.8181       79.63      531677     111.845     611.161     276.912
 23.4727     36.1713     74.8148 1.17681e+06     87.6068     877.124     427.065
 152.204     145.098     80.1082      640523     96.8381     550.492     370.369
 5.95393     84.8002     77.0791 1.07525e+06     99.7498     942.543     363.126
 15.1747     76.8103     58.3209      649201     171.607     542.097     381.199
 160.535     105.978     82.6473 2.78105e+06     87.2845     1120.32     790.163
 173.102     78.6505     91.8616      127349     74.9514     210.342     192.717
  97.947     25.2587     163.443 1.49168e+06      108.58     1008.93     470.612
 138.877     32.8381     145.155 5.92457e+06     103.734     2380.17     792.317
 135.589     101.019     55.7099      464513      88.741     479.906       308.1
 167.427     146.865     73.3826 3.99906e+06     93.0247     1997.38     637.306
 176.209     44.0822     109.646      768039     93.6034     683.971     357.434
  71.412     71.8662     30.5574      506049       87.38     503.128     320.158
 23.3353     103.436     71.9805  4.0457e+06      106.89     1368.91     940.738
 17.2912      72.481      73.631 1.53553e+06     96.7135      1068.2     457.568
  180.62      138.99      101.19 5.96854e+06     105.302     1507.72     1260.08
 151.489     124.427     89.5593 7.51509e+06     107.952     2551.51     937.533
 42.7627     30.8762     72.7615      511112     105.788     492.671     330.225
 139.358     24.4097     112.682      412012     31.4508     429.097     305.636
 16.0118     103.796     67.5032      735969     114.408     626.819     373.738
 15.1994     143.593     76.0364 2.03101e+06     111.132     1088.91     593.703
 164.907     127.933     89.9091      531052     123.464      480.17      352.04
 39.8056     99.1733     80.9381      490776      2.2144     711.531     219.553
 24.8781     82.3816     77.5213  2.6005e+06     113.138     1388.93     595.974
 17.1015      103.79     89.3703 1.12933e+06      82.941     693.464      518.38
 64.0631     5.82388     36.0509 4.10216e+06     102.531     1456.42     896.552
 12.9435     93.1156     83.0831      295536     1.61839     464.507      202.52
 172.614     86.6602     81.2368      141318     12.8486     263.139     170.947
 17.8153     57.3059      73.396      338570     82.7854      391.82     275.051
 51.8593     158.875      136.89      482104     102.868     409.191     375.029
 6.79859      53.298     77.9568      680704     132.269     531.553     407.627
 8.08181     55.6052     65.0807 3.41162e+06     87.5473     1591.77      682.23
 96.3388     23.1321     18.7809 1.51172e+06     54.1223     922.559     521.589
 162.792     102.313     29.1487  1.2262e+06     7.22205     722.887     539.936
 173.001     107.316     118.833 4.34744e+06     91.1658     1488.37     929.762
 13.9148     49.9672     93.7478      684819     17.9937     636.729     342.351
 30.2263     21.4741     67.0018 1.69531e+06      76.136     914.876     589.842
 143.365     97.1708     76.1339      319612     1.13338     379.149     268.327
  8.1028     78.6813     81.8947      541029    0.293383     492.717     349.521
 11.7661     115.279     72.6559 1.95628e+06     97.6268     1018.43     611.433
 9.24056     30.1237     75.4908 4.97715e+06     23.8597     1264.02     1253.37
 29.1482     98.2705     89.7126      337974     11.8871     338.748     317.583
 91.6529     25.2881     16.7947      122611     104.796     228.095     171.106
 49.4004     29.3603     40.4527      243376     5.65397     333.809     232.075
 8.25286     101.476      72.047 1.31859e+06     104.842     878.147     477.961
 359.587     127.804     58.7624 1.18253e+06     156.422     816.355     461.089
